B00LU23O64
0615913547
0802408370
1118029054
1480278416
1483991695
1484055497
1492773913
1493758233
1499300425
B006AZ9OMY
B00AZR2AYC
B00C4MFE4E
B00C6S4M76
B00C81QWD8
B00ES3X9VC
B00GGTL79M
B00HUGVWTK
B00IFBFG28
B00IUXCX22
B00JS6W668
B00KBIX1N4
B00L76RXEC
B00L9Y5L8C
B00LHUSSSI
B00LLLVL0U
B00LU9GZ8Q
000100039X
0002007770
0006551807
0007172826
0007386648
006000438X
0060392452
0060516054
0060577304
006073132X
006097771X
0099994003
0140244611
0140280553
0143116177
0143143700
0195128427
0201408252
0231127979
0300113994
0306810115
0307277674
0307593924
0307950476
0312187084
0312262116
0312270828
0312426135
0312614624
0316017922
0374131430
0374161623
0374530262
0375701613
0375708111
0380713004
038551705X
0385660065
0393020258
0393038912
0393075966
0393325318
0399157557
0399157816
0425181642
0452287081
0465002528
0465008003
0465027261
0465057128
0470192739
048647366X
0553278398
0618509283
0618551050
0618680004
067002225X
0679421203
0684844419
0691121354
0743203399
0743285026
0786888628
0802713327
0812975219
0812977645
0812981707
0874808499
1400033888
1560258527
1566562007
157224349X
1585670111
1860463894
186046890X
1860642225
0030615526
0060527463
0061719544
0143144006
031029133X
0312082622
0312422636
0393065677
0439669960
0517595370
0615213170
0615591949
0671019775
0679406832
0679723951
0679772871
0684839385
0691006768
0812981618
0815411723
0865650152
0877739749
0918356067
0955985307
140273607X
1442341165
1559390735
1564550818
1569803285
1591799716
1597775401
1604078782
161039156X
0060191988
0060540591
0060786809
0061143928
0099416158
0140586954
0141034173
014303961X
0151400032
0156029030
0312362641
0345531957
0345531965
0380973545
0385312520
0446531081
0451201345
0615141900
0671004573
0684843323
0688149898
0739450905
0743298055
0743418166
0743470095
0758201796
0821776843
0967937868
1401302009
1416545182
1425985629
193299310X
1933967102
0007173687
0060175400
0060282983
0060609176
0060723513
0060929383
0060929510
0060959037
0060964049
0062501151
0099727404
0104710101
013807206X
014027684X
0140390464
0140390839
014050169X
0140501746
0140564349
0141191538
0142001740
0151001006
0307338312
0307951901
0312243022
0312367546
0312421850
0312426682
0316777730
0340898917
0345385403
0345424719
0375402314
0375409513
0375411070
037543318X
0375834958
0385196172
039480001X
0395877334
0399140557
042513699X
0425233499
0446343455
0446603422
0446604658
0553208845
0553256971
0553283316
0684829975
0684837587
0684844729
0684852683
0739322974
0751536822
0871592118
0933291094
0971119805
0976420058
1426201141
1432734164
143275128X
145284416X
1565121058
1568380437
1582975418
1878424173
1932672338
0061173932
0061568228
006180035X
0062012614
0062204602
0099427869
0140144994
0307269183
0307885135
0385662165
0425187012
0425229793
0439136350
044651862X
0470167858
0470398256
0486411079
0557709911
060960581X
0615204600
0615604722
0674033876
0674587391
0751549118
0800631226
080102370X
080102451X
080212996X
080248767X
0802714498
0802862624
0802862926
0879753951
0899007325
0915811006
0932813747
0982232403
0983448736
0988245116
1414300913
1416572503
1440503257
1463604009
1466215259
1569756775
1569757119
1577315936
1578840171
1601060343
1611735270
1616141689
1629550140
1908675039
193879317X
1940026016
B004XT6D7S
B006SJLSDA
B0080USSYW
B008DPG0YO
0803738552
0805095497
0812993969
0812994345
0843963670
1250000270
1250003482
1400069432
1401340873
1401340903
1401340997
1416525890
1416575979
1416576770
1416994815
1419701681
1423121317
1423139933
1439153957
1439168563
1439194017
1451618387
146420120X
1478953020
1555976425
1557837929
1565129490
1590174445
1590513908
1590514440
1594485046
1594488096
1594488258
1595826734
1595827986
1600604293
161109013X
1611748992
1612183980
1616951907
1936493446
0007388160
0061128899
0061230936
0061706515
0061706558
006182593X
0061826871
0061990612
0062015052
0062015729
006212109X
0062124463
0062200577
0062213784
0062255657
0091944058
0099555352
014241557X
0143120646
0143122207
0143123246
0143124870
0143144405
0230740847
0307378721
030738778X
0307390756
0307455165
0307588920
0307594165
0307701557
0307717895
0307878007
0307939693
0307950425
030795711X
0307984761
0312377037
0312580738
0312600534
0312643365
0316041440
0316204269
0316213101
0374281092
0385522843
0385527691
0385532504
0385532520
0385532911
0385534892
0385668880
0385736800
0385737637
0385752725
0385753543
039308860X
0399155619
039915728X
0399157484
0399252509
0451231449
0525423893
0544022491
0545027896
0547134703
0547317263
0547352581
0547368925
0547370210
0547376499
0547511698
0547547528
0547904770
0670025461
0670026506
0758225644
0763660094
0765333333
076793055X
0778312372
0786889500
0802120059
0802120326
0802122647
0802129927